service_id,date,exception_type
32,20220116,1
32,20220117,1
28,20220118,1
31,20220119,1
28,20220120,1
29,20220121,1
30,20220122,1
32,20220123,1
28,20220124,1
28,20220125,1
31,20220126,1
28,20220127,1
29,20220128,1
30,20220129,1
32,20220130,1
28,20220131,1
28,20220201,1
31,20220202,1
28,20220203,1
29,20220204,1
30,20220205,1
32,20220206,1
28,20220207,1
28,20220208,1
31,20220209,1
28,20220210,1
29,20220211,1
30,20220212,1
32,20220213,1
28,20220214,1
28,20220215,1
31,20220216,1
28,20220217,1
29,20220218,1
30,20220219,1
32,20220220,1
32,20220221,1
28,20220222,1
31,20220223,1
28,20220224,1
29,20220225,1
30,20220226,1
32,20220227,1
28,20220228,1
28,20220301,1
31,20220302,1
28,20220303,1
29,20220304,1
30,20220305,1
32,20220306,1
28,20220307,1
28,20220308,1
31,20220309,1
28,20220310,1
29,20220311,1
30,20220312,1
32,20220313,1
28,20220314,1
28,20220315,1
31,20220316,1
28,20220317,1
29,20220318,1
30,20220319,1
32,20220320,1
28,20220321,1
28,20220322,1
31,20220323,1
28,20220324,1
29,20220325,1
30,20220326,1
32,20220327,1
28,20220328,1
28,20220329,1
31,20220330,1
28,20220331,1
29,20220401,1
30,20220402,1
32,20220403,1
28,20220404,1
28,20220405,1
31,20220406,1
28,20220407,1
29,20220408,1
30,20220409,1
32,20220410,1
28,20220411,1
28,20220412,1
31,20220413,1
28,20220414,1
29,20220415,1
30,20220416,1
32,20220417,1
28,20220418,1
28,20220419,1
31,20220420,1
28,20220421,1
29,20220422,1
30,20220423,1
32,20220424,1
28,20220425,1
28,20220426,1
31,20220427,1
28,20220428,1
29,20220429,1
30,20220430,1
32,20220501,1
28,20220502,1
28,20220503,1
31,20220504,1
28,20220505,1
29,20220506,1
30,20220507,1
32,20220508,1
28,20220509,1
28,20220510,1
31,20220511,1
28,20220512,1
29,20220513,1
30,20220514,1
32,20220515,1
28,20220516,1
28,20220517,1
31,20220518,1
28,20220519,1
29,20220520,1
30,20220521,1
32,20220522,1
28,20220523,1
28,20220524,1
31,20220525,1
28,20220526,1
29,20220527,1
30,20220528,1
32,20220529,1
32,20220530,1
28,20220531,1
31,20220601,1
28,20220602,1
29,20220603,1
30,20220604,1
32,20220605,1
28,20220606,1
28,20220607,1
31,20220608,1
28,20220609,1
29,20220610,1
30,20220611,1
32,20220612,1
28,20220613,1
28,20220614,1
31,20220615,1
28,20220616,1
29,20220617,1
30,20220618,1
32,20220619,1
28,20220620,1
28,20220621,1
31,20220622,1
28,20220623,1
29,20220624,1
30,20220625,1
32,20220626,1
28,20220627,1
28,20220628,1
31,20220629,1
28,20220630,1
29,20220701,1
30,20220702,1
32,20220703,1
28,20220704,1
28,20220705,1
31,20220706,1
28,20220707,1
29,20220708,1
30,20220709,1
32,20220710,1
28,20220711,1
28,20220712,1
31,20220713,1
28,20220714,1
29,20220715,1
30,20220716,1
32,20220717,1
28,20220718,1
28,20220719,1
31,20220720,1
28,20220721,1
29,20220722,1
30,20220723,1
32,20220724,1
28,20220725,1
28,20220726,1
31,20220727,1
28,20220728,1
29,20220729,1
30,20220730,1
32,20220731,1
28,20220801,1
28,20220802,1
31,20220803,1
28,20220804,1
29,20220805,1
30,20220806,1
32,20220807,1
28,20220808,1
28,20220809,1
31,20220810,1
28,20220811,1
29,20220812,1
30,20220813,1
32,20220814,1
28,20220815,1
28,20220816,1
31,20220817,1
28,20220818,1
29,20220819,1
30,20220820,1
32,20220821,1
28,20220822,1
28,20220823,1
31,20220824,1
28,20220825,1
29,20220826,1
30,20220827,1
32,20220828,1
28,20220829,1
28,20220830,1
31,20220831,1
28,20220901,1
29,20220902,1
30,20220903,1
32,20220904,1
28,20220905,1
28,20220906,1
31,20220907,1
28,20220908,1
29,20220909,1
30,20220910,1
32,20220911,1
28,20220912,1
28,20220913,1
31,20220914,1
28,20220915,1
29,20220916,1
30,20220917,1
32,20220918,1
28,20220919,1
28,20220920,1
31,20220921,1
28,20220922,1
29,20220923,1
30,20220924,1
32,20220925,1
28,20220926,1
28,20220927,1
31,20220928,1
28,20220929,1
29,20220930,1
30,20221001,1
32,20221002,1
28,20221003,1
28,20221004,1
31,20221005,1
28,20221006,1
29,20221007,1
30,20221008,1
32,20221009,1
28,20221010,1
28,20221011,1
31,20221012,1
28,20221013,1
29,20221014,1
30,20221015,1
32,20221016,1
28,20221017,1
28,20221018,1
31,20221019,1
28,20221020,1
29,20221021,1
30,20221022,1
32,20221023,1
28,20221024,1
28,20221025,1
31,20221026,1
28,20221027,1
29,20221028,1
30,20221029,1
32,20221030,1
28,20221031,1
28,20221101,1
31,20221102,1
28,20221103,1
29,20221104,1
30,20221105,1
32,20221106,1
28,20221107,1
28,20221108,1
31,20221109,1
28,20221110,1
29,20221111,1
30,20221112,1
32,20221113,1
28,20221114,1
28,20221115,1
31,20221116,1
28,20221117,1
29,20221118,1
30,20221119,1
32,20221120,1
28,20221121,1
28,20221122,1
31,20221123,1
28,20221124,1
29,20221125,1
30,20221126,1
32,20221127,1
28,20221128,1
28,20221129,1
31,20221130,1
28,20221201,1
29,20221202,1
30,20221203,1
32,20221204,1
28,20221205,1
28,20221206,1
31,20221207,1
28,20221208,1
29,20221209,1
30,20221210,1
32,20221211,1
28,20221212,1
28,20221213,1
31,20221214,1
28,20221215,1
29,20221216,1
30,20221217,1
32,20221218,1
28,20221219,1
28,20221220,1
31,20221221,1
28,20221222,1
29,20221223,1
30,20221224,1
32,20221225,1
28,20221226,1
28,20221227,1
31,20221228,1
28,20221229,1
29,20221230,1
30,20221231,1
